[Project1] 2407 1588134343.762521777 1588134344.652426781
[Project1] 2408 1588134345.552242442 1588134346.451600349
[Project1] 2409 1588134347.356910838 1588134348.287534779
[Project1] 2410 1588134349.204912452 1588134350.163926787
[Project1] 2411 1588134351.070342260 1588134352.023736074
[Project1] 2412 1588134352.903791090 1588134353.843688617
[Project1] 2413 1588134354.765925712 1588134355.691772055
[Project1] 2414 1588134356.554410202 1588134357.523737200
[Project1] 2415 1588134358.450774587 1588134359.380044883
[Project1] 2416 1588134360.253490900 1588134361.185557527
